m 1000,1500
p 2 7 500,50 500,1450

w 75,75 75,225 250,225 250,175 125,175 125,75
w 925,75 875,75 875,175 750,175 750,225 925,225
w 375,175 375,225 625,225 625,175

w 125,1425 125,1325 250,1325 250,1275 75,1275 75,1425
w 925,1275 750,1275 750,1325 875,1325 875,1425 925,1425
w 625,1325 625,1275 375,1275 375,1325

w 425,525 390,490 240,640 275,675
w 610,490 575,525 725,675 760,640
w 390,1005 425,975 275,825 240,855
w 575,975 610,1005 760,855 725,825

w 75,637 125,637 125,350 75,350
w 75,1150 125,1150 125,863 75,863

w 925,350 875,350 875,637 925,637
w 925,863 875,863 875,1150 925,1150

f 500,750